-22-5/201403121135/image_0000.png 160.00 120.00 271.95 132.28 119.34 255.49 115.70 91.45 252.78 106.95 69.24 240.82 159.10 66.94 261.80 166.33 41.92 251.11 171.61 24.60 242.33 177.91 75.71 268.69 194.76 50.35 257.93 206.96 34.13 246.62 187.42 90.52 270.63 202.46 67.19 261.36 213.82 51.46 249.62 199.92 109.94 274.43 217.67 98.23 267.66 232.86 89.50 257.77
-22-5/201403121135/image_0001.png 160.00 120.00 272.97 133.90 120.42 256.41 118.78 93.31 253.91 111.20 70.86 244.33 159.41 67.24 262.33 166.51 42.33 253.47 171.81 25.09 245.64 177.82 75.73 269.44 193.82 50.33 259.56 205.67 33.37 249.84 187.80 91.40 272.00 203.26 69.23 265.08 214.81 53.81 257.94 198.83 110.66 276.63 215.34 98.91 273.19 229.62 90.17 265.59
-22-5/201403121135/image_0002.png 160.00 120.00 272.61 133.50 119.68 256.41 118.47 92.16 254.11 111.10 69.67 244.02 160.16 66.90 263.23 167.34 42.27 253.75 172.53 25.09 245.38 178.50 75.85 269.55 194.59 50.49 259.35 206.36 33.41 249.63 188.00 91.73 272.29 203.36 69.73 265.42 214.89 54.36 257.96 198.98 111.37 276.12 215.54 99.76 273.04 229.81 91.01 265.75
-22-5/201403121135/image_0541.png 160.00 120.00 273.36 145.20 106.24 284.21 123.45 85.49 280.39 111.04 69.23 260.87 146.75 81.77 228.17 142.57 67.97 198.29 134.89 57.94 182.77 155.72 104.31 221.96 148.41 103.98 187.03 136.07 106.34 168.59 157.00 128.35 231.05 145.78 137.42 201.79 133.81 145.83 183.07 157.50 146.63 245.26 143.67 155.88 227.77 128.70 164.19 220.24
-22-5/201403121135/image_0542.png 160.00 120.00 273.36 145.20 106.24 284.21 123.45 85.49 280.39 111.04 69.23 260.87 146.75 81.77 228.17 142.57 67.97 198.29 134.89 57.94 182.77 155.72 104.31 221.96 148.41 103.98 187.03 136.07 106.34 168.59 157.00 128.35 231.05 145.78 137.42 201.79 133.81 145.83 183.07 157.50 146.63 245.26 143.67 155.88 227.77 128.70 164.19 220.24
-22-5/201403121135/image_0543.png 160.00 120.00 273.36 145.20 106.24 284.21 123.45 85.49 280.39 111.04 69.23 260.87 146.75 81.77 228.17 142.57 67.97 198.29 134.89 57.94 182.77 155.72 104.31 221.96 148.41 103.98 187.03 136.07 106.34 168.59 157.00 128.35 231.05 145.78 137.42 201.79 133.81 145.83 183.07 157.50 146.63 245.26 143.67 155.88 227.77 128.70 164.19 220.24
-22-5/201403121135/image_0544.png 160.00 120.00 273.36 145.20 106.24 284.21 123.45 85.49 280.39 111.04 69.23 260.87 146.75 81.77 228.17 142.57 67.97 198.29 134.89 57.94 182.77 155.72 104.31 221.96 148.41 103.98 187.03 136.07 106.34 168.59 157.00 128.35 231.05 145.78 137.42 201.79 133.81 145.83 183.07 157.50 146.63 245.26 143.67 155.88 227.77 128.70 164.19 220.24
-22-5/201403121135/image_0831.png 160.00 120.00 299.57 151.24 138.65 279.58 146.26 139.73 254.38 141.37 134.79 224.55 152.23 92.56 251.63 161.54 68.82 232.84 169.54 51.34 223.80 162.61 84.24 265.01 172.16 55.58 244.58 179.69 34.96 233.59 173.42 86.51 284.60 181.59 61.70 270.85 189.04 44.31 260.63 182.98 90.98 305.08 190.57 73.83 300.82 197.32 60.16 295.65
-22-5/201403121135/image_0833.png 160.00 120.00 298.61 148.33 137.44 278.15 138.84 135.83 254.31 130.74 128.62 225.91 151.01 89.41 252.78 159.04 65.03 234.29 166.84 47.65 224.55 162.83 82.47 266.27 172.59 53.70 246.23 181.14 33.67 234.53 174.42 86.38 285.29 183.67 61.88 272.06 191.55 44.51 262.35 184.63 92.05 305.17 193.13 75.30 301.91 200.43 62.02 297.63
-22-5/201403121135/image_0903.png 160.00 120.00 295.09 136.72 114.30 299.37 122.17 88.97 301.94 117.74 68.92 294.55 162.11 71.51 271.80 170.28 48.72 252.01 173.79 31.87 239.87 178.17 82.80 265.67 192.98 60.45 237.73 200.67 44.77 218.69 184.73 102.41 263.84 199.96 87.47 236.47 209.05 77.31 215.54 186.67 123.00 264.65 194.49 117.22 241.15 197.50 114.89 221.18
-22-5/201403121135/image_0904.png 160.00 120.00 295.14 136.42 114.36 299.60 121.47 89.43 301.74 116.80 69.43 293.61 162.59 71.28 271.50 170.62 48.31 251.77 173.54 31.55 239.38 178.50 83.08 265.32 193.43 60.74 237.38 200.38 45.58 218.05 184.76 102.87 263.59 200.02 88.01 236.16 209.30 77.72 215.32 186.55 123.22 264.72 193.89 117.36 241.34 196.69 114.68 221.26
-22-5/201403121135/image_1084.png 160.00 120.00 304.71 142.12 131.27 281.00 139.14 119.51 263.46 156.11 114.10 249.17 152.68 88.04 272.85 156.32 93.86 252.00 149.00 106.77 261.31 165.84 94.15 278.11 167.29 105.02 256.37 159.21 122.97 259.54 178.78 102.81 283.76 182.09 111.66 263.13 174.69 120.84 273.11 188.58 113.13 293.63 189.77 121.74 281.06 183.39 129.94 291.90
